float kernel[] = {
	-0.515229f, -0.465592f, -0.417817f, -0.372098f, -0.328648f, -0.287697f, -0.249490f, -0.214286f, -0.182353f, -0.153964f, -0.129385f, -0.108870f, -0.092647f, -0.080910f, -0.073807f, -0.071429f, -0.073807f, -0.080910f, -0.092647f, -0.108870f, -0.129385f, -0.153964f, -0.182353f, -0.214286f, -0.249490f, -0.287697f, -0.328648f, -0.372098f, -0.417817f, -0.465592f, -0.515229f, -0.566551f, -0.619398f, 
	-0.465592f, -0.414214f, -0.364641f, -0.317078f, -0.271749f, -0.228904f, -0.188808f, -0.151751f, -0.118034f, -0.087968f, -0.061862f, -0.040016f, -0.022702f, -0.010153f, -0.002548f, 0.000000f, -0.002548f, -0.010153f, -0.022702f, -0.040016f, -0.061862f, -0.087968f, -0.118034f, -0.151751f, -0.188808f, -0.228904f, -0.271749f, -0.317078f, -0.364641f, -0.414214f, -0.465592f, -0.518592f, -0.573051f, 
	-0.417817f, -0.364641f, -0.313198f, -0.263700f, -0.216385f, -0.171516f, -0.129385f, -0.090310f, -0.054630f, -0.022702f, 0.005115f, 0.028466f, 0.047024f, 0.060504f, 0.068685f, 0.071429f, 0.068685f, 0.060504f, 0.047024f, 0.028466f, 0.005115f, -0.022702f, -0.054630f, -0.090310f, -0.129385f, -0.171516f, -0.216385f, -0.263700f, -0.313198f, -0.364641f, -0.417817f, -0.472538f, -0.528638f, 
	-0.372098f, -0.317078f, -0.263700f, -0.212183f, -0.162773f, -0.115750f, -0.071429f, -0.030157f, 0.007683f, 0.041685f, 0.071429f, 0.096492f, 0.116477f, 0.131034f, 0.139886f, 0.142857f, 0.139886f, 0.131034f, 0.116477f, 0.096492f, 0.071429f, 0.041685f, 0.007683f, -0.030157f, -0.071429f, -0.115750f, -0.162773f, -0.212183f, -0.263700f, -0.317078f, -0.372098f, -0.428571f, -0.486332f, 
	-0.328648f, -0.271749f, -0.216385f, -0.162773f, -0.111168f, -0.061862f, -0.015191f, 0.028466f, 0.068685f, 0.105003f, 0.136925f, 0.163950f, 0.185589f, 0.201404f, 0.211046f, 0.214286f, 0.211046f, 0.201404f, 0.185589f, 0.163950f, 0.136925f, 0.105003f, 0.068685f, 0.028466f, -0.015191f, -0.061862f, -0.111168f, -0.162773f, -0.216385f, -0.271749f, -0.328648f, -0.386892f, -0.446318f, 
	-0.287697f, -0.228904f, -0.171516f, -0.115750f, -0.061862f, -0.010153f, 0.039027f, 0.085268f, 0.128103f, 0.167007f, 0.201404f, 0.230691f, 0.254264f, 0.271569f, 0.282152f, 0.285714f, 0.282152f, 0.271569f, 0.254264f, 0.230691f, 0.201404f, 0.167007f, 0.128103f, 0.085268f, 0.039027f, -0.010153f, -0.061862f, -0.115750f, -0.171516f, -0.228904f, -0.287697f, -0.347712f, -0.408792f, 
	-0.249490f, -0.188808f, -0.129385f, -0.071429f, -0.015191f, 0.039027f, 0.090863f, 0.139886f, 0.185589f, 0.227382f, 0.264598f, 0.296510f, 0.322369f, 0.341461f, 0.353187f, 0.357143f, 0.353187f, 0.341461f, 0.322369f, 0.296510f, 0.264598f, 0.227382f, 0.185589f, 0.139886f, 0.090863f, 0.039027f, -0.015191f, -0.071429f, -0.129385f, -0.188808f, -0.249490f, -0.311254f, -0.373956f, 
	-0.214286f, -0.151751f, -0.090310f, -0.030157f, 0.028466f, 0.085268f, 0.139886f, 0.191878f, 0.240704f, 0.285714f, 0.326144f, 0.361123f, 0.389714f, 0.410985f, 0.424124f, 0.428571f, 0.424124f, 0.410985f, 0.389714f, 0.361123f, 0.326144f, 0.285714f, 0.240704f, 0.191878f, 0.139886f, 0.085268f, 0.028466f, -0.030157f, -0.090310f, -0.151751f, -0.214286f, -0.277753f, -0.342021f, 
	-0.182353f, -0.118034f, -0.054630f, 0.007683f, 0.068685f, 0.128103f, 0.185589f, 0.240704f, 0.292893f, 0.341461f, 0.385548f, 0.424124f, 0.456016f, 0.479992f, 0.494924f, 0.500000f, 0.494924f, 0.479992f, 0.456016f, 0.424124f, 0.385548f, 0.341461f, 0.292893f, 0.240704f, 0.185589f, 0.128103f, 0.068685f, 0.007683f, -0.054630f, -0.118034f, -0.182353f, -0.247446f, -0.313198f, 
	-0.153964f, -0.087968f, -0.022702f, 0.041685f, 0.105003f, 0.167007f, 0.227382f, 0.285714f, 0.341461f, 0.393909f, 0.442125f, 0.484921f, 0.520843f, 0.548246f, 0.565517f, 0.571429f, 0.565517f, 0.548246f, 0.520843f, 0.484921f, 0.442125f, 0.393909f, 0.341461f, 0.285714f, 0.227382f, 0.167007f, 0.105003f, 0.041685f, -0.022702f, -0.087968f, -0.153964f, -0.220572f, -0.287697f, 
	-0.129385f, -0.061862f, 0.005115f, 0.071429f, 0.136925f, 0.201404f, 0.264598f, 0.326144f, 0.385548f, 0.442125f, 0.494924f, 0.542634f, 0.583503f, 0.615345f, 0.635784f, 0.642857f, 0.635784f, 0.615345f, 0.583503f, 0.542634f, 0.494924f, 0.442125f, 0.385548f, 0.326144f, 0.264598f, 0.201404f, 0.136925f, 0.071429f, 0.005115f, -0.061862f, -0.129385f, -0.197361f, -0.265718f, 
	-0.108870f, -0.040016f, 0.028466f, 0.096492f, 0.163950f, 0.230691f, 0.296510f, 0.361123f, 0.424124f, 0.484921f, 0.542634f, 0.595939f, 0.642857f, 0.680562f, 0.705492f, 0.714286f, 0.705492f, 0.680562f, 0.642857f, 0.595939f, 0.542634f, 0.484921f, 0.424124f, 0.361123f, 0.296510f, 0.230691f, 0.163950f, 0.096492f, 0.028466f, -0.040016f, -0.108870f, -0.178030f, -0.247446f, 
	-0.092647f, -0.022702f, 0.047024f, 0.116477f, 0.185589f, 0.254264f, 0.322369f, 0.389714f, 0.456016f, 0.520843f, 0.583503f, 0.642857f, 0.696954f, 0.742461f, 0.774123f, 0.785714f, 0.774123f, 0.742461f, 0.696954f, 0.642857f, 0.583503f, 0.520843f, 0.456016f, 0.389714f, 0.322369f, 0.254264f, 0.185589f, 0.116477f, 0.047024f, -0.022702f, -0.092647f, -0.162773f, -0.233048f, 
	-0.080910f, -0.010153f, 0.060504f, 0.131034f, 0.201404f, 0.271569f, 0.341461f, 0.410985f, 0.479992f, 0.548246f, 0.615345f, 0.680562f, 0.742461f, 0.797969f, 0.840281f, 0.857143f, 0.840281f, 0.797969f, 0.742461f, 0.680562f, 0.615345f, 0.548246f, 0.479992f, 0.410985f, 0.341461f, 0.271569f, 0.201404f, 0.131034f, 0.060504f, -0.010153f, -0.080910f, -0.151751f, -0.222660f, 
	-0.073807f, -0.002548f, 0.068685f, 0.139886f, 0.211046f, 0.282152f, 0.353187f, 0.424124f, 0.494924f, 0.565517f, 0.635784f, 0.705492f, 0.774123f, 0.840281f, 0.898985f, 0.928571f, 0.898985f, 0.840281f, 0.774123f, 0.705492f, 0.635784f, 0.565517f, 0.494924f, 0.424124f, 0.353187f, 0.282152f, 0.211046f, 0.139886f, 0.068685f, -0.002548f, -0.073807f, -0.145087f, -0.216385f, 
	-0.071429f, 0.000000f, 0.071429f, 0.142857f, 0.214286f, 0.285714f, 0.357143f, 0.428571f, 0.500000f, 0.571429f, 0.642857f, 0.714286f, 0.785714f, 0.857143f, 0.928571f, 1.000000f, 0.928571f, 0.857143f, 0.785714f, 0.714286f, 0.642857f, 0.571429f, 0.500000f, 0.428571f, 0.357143f, 0.285714f, 0.214286f, 0.142857f, 0.071429f, 0.000000f, -0.071429f, -0.142857f, -0.214286f, 
	-0.073807f, -0.002548f, 0.068685f, 0.139886f, 0.211046f, 0.282152f, 0.353187f, 0.424124f, 0.494924f, 0.565517f, 0.635784f, 0.705492f, 0.774123f, 0.840281f, 0.898985f, 0.928571f, 0.898985f, 0.840281f, 0.774123f, 0.705492f, 0.635784f, 0.565517f, 0.494924f, 0.424124f, 0.353187f, 0.282152f, 0.211046f, 0.139886f, 0.068685f, -0.002548f, -0.073807f, -0.145087f, -0.216385f, 
	-0.080910f, -0.010153f, 0.060504f, 0.131034f, 0.201404f, 0.271569f, 0.341461f, 0.410985f, 0.479992f, 0.548246f, 0.615345f, 0.680562f, 0.742461f, 0.797969f, 0.840281f, 0.857143f, 0.840281f, 0.797969f, 0.742461f, 0.680562f, 0.615345f, 0.548246f, 0.479992f, 0.410985f, 0.341461f, 0.271569f, 0.201404f, 0.131034f, 0.060504f, -0.010153f, -0.080910f, -0.151751f, -0.222660f, 
	-0.092647f, -0.022702f, 0.047024f, 0.116477f, 0.185589f, 0.254264f, 0.322369f, 0.389714f, 0.456016f, 0.520843f, 0.583503f, 0.642857f, 0.696954f, 0.742461f, 0.774123f, 0.785714f, 0.774123f, 0.742461f, 0.696954f, 0.642857f, 0.583503f, 0.520843f, 0.456016f, 0.389714f, 0.322369f, 0.254264f, 0.185589f, 0.116477f, 0.047024f, -0.022702f, -0.092647f, -0.162773f, -0.233048f, 
	-0.108870f, -0.040016f, 0.028466f, 0.096492f, 0.163950f, 0.230691f, 0.296510f, 0.361123f, 0.424124f, 0.484921f, 0.542634f, 0.595939f, 0.642857f, 0.680562f, 0.705492f, 0.714286f, 0.705492f, 0.680562f, 0.642857f, 0.595939f, 0.542634f, 0.484921f, 0.424124f, 0.361123f, 0.296510f, 0.230691f, 0.163950f, 0.096492f, 0.028466f, -0.040016f, -0.108870f, -0.178030f, -0.247446f, 
	-0.129385f, -0.061862f, 0.005115f, 0.071429f, 0.136925f, 0.201404f, 0.264598f, 0.326144f, 0.385548f, 0.442125f, 0.494924f, 0.542634f, 0.583503f, 0.615345f, 0.635784f, 0.642857f, 0.635784f, 0.615345f, 0.583503f, 0.542634f, 0.494924f, 0.442125f, 0.385548f, 0.326144f, 0.264598f, 0.201404f, 0.136925f, 0.071429f, 0.005115f, -0.061862f, -0.129385f, -0.197361f, -0.265718f, 
	-0.153964f, -0.087968f, -0.022702f, 0.041685f, 0.105003f, 0.167007f, 0.227382f, 0.285714f, 0.341461f, 0.393909f, 0.442125f, 0.484921f, 0.520843f, 0.548246f, 0.565517f, 0.571429f, 0.565517f, 0.548246f, 0.520843f, 0.484921f, 0.442125f, 0.393909f, 0.341461f, 0.285714f, 0.227382f, 0.167007f, 0.105003f, 0.041685f, -0.022702f, -0.087968f, -0.153964f, -0.220572f, -0.287697f, 
	-0.182353f, -0.118034f, -0.054630f, 0.007683f, 0.068685f, 0.128103f, 0.185589f, 0.240704f, 0.292893f, 0.341461f, 0.385548f, 0.424124f, 0.456016f, 0.479992f, 0.494924f, 0.500000f, 0.494924f, 0.479992f, 0.456016f, 0.424124f, 0.385548f, 0.341461f, 0.292893f, 0.240704f, 0.185589f, 0.128103f, 0.068685f, 0.007683f, -0.054630f, -0.118034f, -0.182353f, -0.247446f, -0.313198f, 
	-0.214286f, -0.151751f, -0.090310f, -0.030157f, 0.028466f, 0.085268f, 0.139886f, 0.191878f, 0.240704f, 0.285714f, 0.326144f, 0.361123f, 0.389714f, 0.410985f, 0.424124f, 0.428571f, 0.424124f, 0.410985f, 0.389714f, 0.361123f, 0.326144f, 0.285714f, 0.240704f, 0.191878f, 0.139886f, 0.085268f, 0.028466f, -0.030157f, -0.090310f, -0.151751f, -0.214286f, -0.277753f, -0.342021f, 
	-0.249490f, -0.188808f, -0.129385f, -0.071429f, -0.015191f, 0.039027f, 0.090863f, 0.139886f, 0.185589f, 0.227382f, 0.264598f, 0.296510f, 0.322369f, 0.341461f, 0.353187f, 0.357143f, 0.353187f, 0.341461f, 0.322369f, 0.296510f, 0.264598f, 0.227382f, 0.185589f, 0.139886f, 0.090863f, 0.039027f, -0.015191f, -0.071429f, -0.129385f, -0.188808f, -0.249490f, -0.311254f, -0.373956f, 
	-0.287697f, -0.228904f, -0.171516f, -0.115750f, -0.061862f, -0.010153f, 0.039027f, 0.085268f, 0.128103f, 0.167007f, 0.201404f, 0.230691f, 0.254264f, 0.271569f, 0.282152f, 0.285714f, 0.282152f, 0.271569f, 0.254264f, 0.230691f, 0.201404f, 0.167007f, 0.128103f, 0.085268f, 0.039027f, -0.010153f, -0.061862f, -0.115750f, -0.171516f, -0.228904f, -0.287697f, -0.347712f, -0.408792f, 
	-0.328648f, -0.271749f, -0.216385f, -0.162773f, -0.111168f, -0.061862f, -0.015191f, 0.028466f, 0.068685f, 0.105003f, 0.136925f, 0.163950f, 0.185589f, 0.201404f, 0.211046f, 0.214286f, 0.211046f, 0.201404f, 0.185589f, 0.163950f, 0.136925f, 0.105003f, 0.068685f, 0.028466f, -0.015191f, -0.061862f, -0.111168f, -0.162773f, -0.216385f, -0.271749f, -0.328648f, -0.386892f, -0.446318f, 
	-0.372098f, -0.317078f, -0.263700f, -0.212183f, -0.162773f, -0.115750f, -0.071429f, -0.030157f, 0.007683f, 0.041685f, 0.071429f, 0.096492f, 0.116477f, 0.131034f, 0.139886f, 0.142857f, 0.139886f, 0.131034f, 0.116477f, 0.096492f, 0.071429f, 0.041685f, 0.007683f, -0.030157f, -0.071429f, -0.115750f, -0.162773f, -0.212183f, -0.263700f, -0.317078f, -0.372098f, -0.428571f, -0.486332f, 
	-0.417817f, -0.364641f, -0.313198f, -0.263700f, -0.216385f, -0.171516f, -0.129385f, -0.090310f, -0.054630f, -0.022702f, 0.005115f, 0.028466f, 0.047024f, 0.060504f, 0.068685f, 0.071429f, 0.068685f, 0.060504f, 0.047024f, 0.028466f, 0.005115f, -0.022702f, -0.054630f, -0.090310f, -0.129385f, -0.171516f, -0.216385f, -0.263700f, -0.313198f, -0.364641f, -0.417817f, -0.472538f, -0.528638f, 
	-0.465592f, -0.414214f, -0.364641f, -0.317078f, -0.271749f, -0.228904f, -0.188808f, -0.151751f, -0.118034f, -0.087968f, -0.061862f, -0.040016f, -0.022702f, -0.010153f, -0.002548f, 0.000000f, -0.002548f, -0.010153f, -0.022702f, -0.040016f, -0.061862f, -0.087968f, -0.118034f, -0.151751f, -0.188808f, -0.228904f, -0.271749f, -0.317078f, -0.364641f, -0.414214f, -0.465592f, -0.518592f, -0.573051f, 
	-0.515229f, -0.465592f, -0.417817f, -0.372098f, -0.328648f, -0.287697f, -0.249490f, -0.214286f, -0.182353f, -0.153964f, -0.129385f, -0.108870f, -0.092647f, -0.080910f, -0.073807f, -0.071429f, -0.073807f, -0.080910f, -0.092647f, -0.108870f, -0.129385f, -0.153964f, -0.182353f, -0.214286f, -0.249490f, -0.287697f, -0.328648f, -0.372098f, -0.417817f, -0.465592f, -0.515229f, -0.566551f, -0.619398f, 
	-0.566551f, -0.518592f, -0.472538f, -0.428571f, -0.386892f, -0.347712f, -0.311254f, -0.277753f, -0.247446f, -0.220572f, -0.197361f, -0.178030f, -0.162773f, -0.151751f, -0.145087f, -0.142857f, -0.145087f, -0.151751f, -0.162773f, -0.178030f, -0.197361f, -0.220572f, -0.247446f, -0.277753f, -0.311254f, -0.347712f, -0.386892f, -0.428571f, -0.472538f, -0.518592f, -0.566551f, -0.616244f, -0.667517f, 
	-0.619398f, -0.573051f, -0.528638f, -0.486332f, -0.446318f, -0.408792f, -0.373956f, -0.342021f, -0.313198f, -0.287697f, -0.265718f, -0.247446f, -0.233048f, -0.222660f, -0.216385f, -0.214286f, -0.216385f, -0.222660f, -0.233048f, -0.247446f, -0.265718f, -0.287697f, -0.313198f, -0.342021f, -0.373956f, -0.408792f, -0.446318f, -0.486332f, -0.528638f, -0.573051f, -0.619398f, -0.667517f, -0.717259f, 
};