float kernel[] = {
	0.000000f, 0.000000f, 0.000000f, 0.000000f, 0.000000f, 0.000000f, 0.000000f, 0.000000f, 0.000000f, 0.000000f, 0.000000f, 0.000000f, 0.003445f, 0.000000f, 0.000000f, 0.000000f, 0.000000f, 0.000000f, 0.000000f, 0.000000f, 0.000000f, 0.000000f, 0.000000f, 0.000000f, 0.000000f, 
	0.000000f, 0.000000f, 0.000000f, 0.000000f, 0.000000f, 0.000000f, 0.000000f, 0.000000f, 0.003360f, 0.003274f, 0.003210f, 0.003171f, 0.003158f, 0.003171f, 0.003210f, 0.003274f, 0.003360f, 0.000000f, 0.000000f, 0.000000f, 0.000000f, 0.000000f, 0.000000f, 0.000000f, 0.000000f, 
	0.000000f, 0.000000f, 0.000000f, 0.000000f, 0.000000f, 0.000000f, 0.003348f, 0.003210f, 0.003092f, 0.002997f, 0.002928f, 0.002885f, 0.002871f, 0.002885f, 0.002928f, 0.002997f, 0.003092f, 0.003210f, 0.003348f, 0.000000f, 0.000000f, 0.000000f, 0.000000f, 0.000000f, 0.000000f, 
	0.000000f, 0.000000f, 0.000000f, 0.000000f, 0.000000f, 0.003274f, 0.003106f, 0.002956f, 0.002828f, 0.002724f, 0.002647f, 0.002600f, 0.002584f, 0.002600f, 0.002647f, 0.002724f, 0.002828f, 0.002956f, 0.003106f, 0.003274f, 0.000000f, 0.000000f, 0.000000f, 0.000000f, 0.000000f, 
	0.000000f, 0.000000f, 0.000000f, 0.000000f, 0.003248f, 0.003052f, 0.002871f, 0.002709f, 0.002568f, 0.002453f, 0.002368f, 0.002315f, 0.002297f, 0.002315f, 0.002368f, 0.002453f, 0.002568f, 0.002709f, 0.002871f, 0.003052f, 0.003248f, 0.000000f, 0.000000f, 0.000000f, 0.000000f, 
	0.000000f, 0.000000f, 0.000000f, 0.003274f, 0.003052f, 0.002842f, 0.002647f, 0.002470f, 0.002315f, 0.002187f, 0.002090f, 0.002030f, 0.002010f, 0.002030f, 0.002090f, 0.002187f, 0.002315f, 0.002470f, 0.002647f, 0.002842f, 0.003052f, 0.003274f, 0.000000f, 0.000000f, 0.000000f, 
	0.000000f, 0.000000f, 0.003348f, 0.003106f, 0.002871f, 0.002647f, 0.002436f, 0.002242f, 0.002070f, 0.001926f, 0.001816f, 0.001746f, 0.001723f, 0.001746f, 0.001816f, 0.001926f, 0.002070f, 0.002242f, 0.002436f, 0.002647f, 0.002871f, 0.003106f, 0.003348f, 0.000000f, 0.000000f, 
	0.000000f, 0.000000f, 0.003210f, 0.002956f, 0.002709f, 0.002470f, 0.002242f, 0.002030f, 0.001838f, 0.001674f, 0.001546f, 0.001464f, 0.001436f, 0.001464f, 0.001546f, 0.001674f, 0.001838f, 0.002030f, 0.002242f, 0.002470f, 0.002709f, 0.002956f, 0.003210f, 0.000000f, 0.000000f, 
	0.000000f, 0.003360f, 0.003092f, 0.002828f, 0.002568f, 0.002315f, 0.002070f, 0.001838f, 0.001624f, 0.001436f, 0.001284f, 0.001184f, 0.001148f, 0.001184f, 0.001284f, 0.001436f, 0.001624f, 0.001838f, 0.002070f, 0.002315f, 0.002568f, 0.002828f, 0.003092f, 0.003360f, 0.000000f, 
	0.000000f, 0.003274f, 0.002997f, 0.002724f, 0.002453f, 0.002187f, 0.001926f, 0.001674f, 0.001436f, 0.001218f, 0.001035f, 0.000908f, 0.000861f, 0.000908f, 0.001035f, 0.001218f, 0.001436f, 0.001674f, 0.001926f, 0.002187f, 0.002453f, 0.002724f, 0.002997f, 0.003274f, 0.000000f, 
	0.000000f, 0.003210f, 0.002928f, 0.002647f, 0.002368f, 0.002090f, 0.001816f, 0.001546f, 0.001284f, 0.001035f, 0.000812f, 0.000642f, 0.000574f, 0.000642f, 0.000812f, 0.001035f, 0.001284f, 0.001546f, 0.001816f, 0.002090f, 0.002368f, 0.002647f, 0.002928f, 0.003210f, 0.000000f, 
	0.000000f, 0.003171f, 0.002885f, 0.002600f, 0.002315f, 0.002030f, 0.001746f, 0.001464f, 0.001184f, 0.000908f, 0.000642f, 0.000406f, 0.000287f, 0.000406f, 0.000642f, 0.000908f, 0.001184f, 0.001464f, 0.001746f, 0.002030f, 0.002315f, 0.002600f, 0.002885f, 0.003171f, 0.000000f, 
	0.003445f, 0.003158f, 0.002871f, 0.002584f, 0.002297f, 0.002010f, 0.001723f, 0.001436f, 0.001148f, 0.000861f, 0.000574f, 0.000287f, 0.000000f, 0.000287f, 0.000574f, 0.000861f, 0.001148f, 0.001436f, 0.001723f, 0.002010f, 0.002297f, 0.002584f, 0.002871f, 0.003158f, 0.003445f, 
	0.000000f, 0.003171f, 0.002885f, 0.002600f, 0.002315f, 0.002030f, 0.001746f, 0.001464f, 0.001184f, 0.000908f, 0.000642f, 0.000406f, 0.000287f, 0.000406f, 0.000642f, 0.000908f, 0.001184f, 0.001464f, 0.001746f, 0.002030f, 0.002315f, 0.002600f, 0.002885f, 0.003171f, 0.000000f, 
	0.000000f, 0.003210f, 0.002928f, 0.002647f, 0.002368f, 0.002090f, 0.001816f, 0.001546f, 0.001284f, 0.001035f, 0.000812f, 0.000642f, 0.000574f, 0.000642f, 0.000812f, 0.001035f, 0.001284f, 0.001546f, 0.001816f, 0.002090f, 0.002368f, 0.002647f, 0.002928f, 0.003210f, 0.000000f, 
	0.000000f, 0.003274f, 0.002997f, 0.002724f, 0.002453f, 0.002187f, 0.001926f, 0.001674f, 0.001436f, 0.001218f, 0.001035f, 0.000908f, 0.000861f, 0.000908f, 0.001035f, 0.001218f, 0.001436f, 0.001674f, 0.001926f, 0.002187f, 0.002453f, 0.002724f, 0.002997f, 0.003274f, 0.000000f, 
	0.000000f, 0.003360f, 0.003092f, 0.002828f, 0.002568f, 0.002315f, 0.002070f, 0.001838f, 0.001624f, 0.001436f, 0.001284f, 0.001184f, 0.001148f, 0.001184f, 0.001284f, 0.001436f, 0.001624f, 0.001838f, 0.002070f, 0.002315f, 0.002568f, 0.002828f, 0.003092f, 0.003360f, 0.000000f, 
	0.000000f, 0.000000f, 0.003210f, 0.002956f, 0.002709f, 0.002470f, 0.002242f, 0.002030f, 0.001838f, 0.001674f, 0.001546f, 0.001464f, 0.001436f, 0.001464f, 0.001546f, 0.001674f, 0.001838f, 0.002030f, 0.002242f, 0.002470f, 0.002709f, 0.002956f, 0.003210f, 0.000000f, 0.000000f, 
	0.000000f, 0.000000f, 0.003348f, 0.003106f, 0.002871f, 0.002647f, 0.002436f, 0.002242f, 0.002070f, 0.001926f, 0.001816f, 0.001746f, 0.001723f, 0.001746f, 0.001816f, 0.001926f, 0.002070f, 0.002242f, 0.002436f, 0.002647f, 0.002871f, 0.003106f, 0.003348f, 0.000000f, 0.000000f, 
	0.000000f, 0.000000f, 0.000000f, 0.003274f, 0.003052f, 0.002842f, 0.002647f, 0.002470f, 0.002315f, 0.002187f, 0.002090f, 0.002030f, 0.002010f, 0.002030f, 0.002090f, 0.002187f, 0.002315f, 0.002470f, 0.002647f, 0.002842f, 0.003052f, 0.003274f, 0.000000f, 0.000000f, 0.000000f, 
	0.000000f, 0.000000f, 0.000000f, 0.000000f, 0.003248f, 0.003052f, 0.002871f, 0.002709f, 0.002568f, 0.002453f, 0.002368f, 0.002315f, 0.002297f, 0.002315f, 0.002368f, 0.002453f, 0.002568f, 0.002709f, 0.002871f, 0.003052f, 0.003248f, 0.000000f, 0.000000f, 0.000000f, 0.000000f, 
	0.000000f, 0.000000f, 0.000000f, 0.000000f, 0.000000f, 0.003274f, 0.003106f, 0.002956f, 0.002828f, 0.002724f, 0.002647f, 0.002600f, 0.002584f, 0.002600f, 0.002647f, 0.002724f, 0.002828f, 0.002956f, 0.003106f, 0.003274f, 0.000000f, 0.000000f, 0.000000f, 0.000000f, 0.000000f, 
	0.000000f, 0.000000f, 0.000000f, 0.000000f, 0.000000f, 0.000000f, 0.003348f, 0.003210f, 0.003092f, 0.002997f, 0.002928f, 0.002885f, 0.002871f, 0.002885f, 0.002928f, 0.002997f, 0.003092f, 0.003210f, 0.003348f, 0.000000f, 0.000000f, 0.000000f, 0.000000f, 0.000000f, 0.000000f, 
	0.000000f, 0.000000f, 0.000000f, 0.000000f, 0.000000f, 0.000000f, 0.000000f, 0.000000f, 0.003360f, 0.003274f, 0.003210f, 0.003171f, 0.003158f, 0.003171f, 0.003210f, 0.003274f, 0.003360f, 0.000000f, 0.000000f, 0.000000f, 0.000000f, 0.000000f, 0.000000f, 0.000000f, 0.000000f, 
	0.000000f, 0.000000f, 0.000000f, 0.000000f, 0.000000f, 0.000000f, 0.000000f, 0.000000f, 0.000000f, 0.000000f, 0.000000f, 0.000000f, 0.003445f, 0.000000f, 0.000000f, 0.000000f, 0.000000f, 0.000000f, 0.000000f, 0.000000f, 0.000000f, 0.000000f, 0.000000f, 0.000000f, 0.000000f, 
};