float kernel[] = {
	0.000000f, 0.000000f, 0.000000f, 0.000000f, 0.000000f, 0.000000f, 0.000000f, 0.000000f, 0.000000f, 0.000000f, 0.000000f, 0.003995f, 0.000000f, 0.000000f, 0.000000f, 0.000000f, 0.000000f, 0.000000f, 0.000000f, 0.000000f, 0.000000f, 0.000000f, 0.000000f, 
	0.000000f, 0.000000f, 0.000000f, 0.000000f, 0.000000f, 0.000000f, 0.000000f, 0.003912f, 0.003792f, 0.003704f, 0.003650f, 0.003632f, 0.003650f, 0.003704f, 0.003792f, 0.003912f, 0.000000f, 0.000000f, 0.000000f, 0.000000f, 0.000000f, 0.000000f, 0.000000f, 
	0.000000f, 0.000000f, 0.000000f, 0.000000f, 0.000000f, 0.003929f, 0.003740f, 0.003577f, 0.003446f, 0.003349f, 0.003289f, 0.003269f, 0.003289f, 0.003349f, 0.003446f, 0.003577f, 0.003740f, 0.003929f, 0.000000f, 0.000000f, 0.000000f, 0.000000f, 0.000000f, 
	0.000000f, 0.000000f, 0.000000f, 0.000000f, 0.003861f, 0.003632f, 0.003427f, 0.003249f, 0.003103f, 0.002995f, 0.002928f, 0.002906f, 0.002928f, 0.002995f, 0.003103f, 0.003249f, 0.003427f, 0.003632f, 0.003861f, 0.000000f, 0.000000f, 0.000000f, 0.000000f, 
	0.000000f, 0.000000f, 0.000000f, 0.003861f, 0.003596f, 0.003349f, 0.003125f, 0.002928f, 0.002766f, 0.002644f, 0.002568f, 0.002543f, 0.002568f, 0.002644f, 0.002766f, 0.002928f, 0.003125f, 0.003349f, 0.003596f, 0.003861f, 0.000000f, 0.000000f, 0.000000f, 
	0.000000f, 0.000000f, 0.003929f, 0.003632f, 0.003349f, 0.003082f, 0.002837f, 0.002619f, 0.002437f, 0.002297f, 0.002209f, 0.002179f, 0.002209f, 0.002297f, 0.002437f, 0.002619f, 0.002837f, 0.003082f, 0.003349f, 0.003632f, 0.003929f, 0.000000f, 0.000000f, 
	0.000000f, 0.000000f, 0.003740f, 0.003427f, 0.003125f, 0.002837f, 0.002568f, 0.002326f, 0.002118f, 0.001956f, 0.001852f, 0.001816f, 0.001852f, 0.001956f, 0.002118f, 0.002326f, 0.002568f, 0.002837f, 0.003125f, 0.003427f, 0.003740f, 0.000000f, 0.000000f, 
	0.000000f, 0.003912f, 0.003577f, 0.003249f, 0.002928f, 0.002619f, 0.002326f, 0.002055f, 0.001816f, 0.001624f, 0.001498f, 0.001453f, 0.001498f, 0.001624f, 0.001816f, 0.002055f, 0.002326f, 0.002619f, 0.002928f, 0.003249f, 0.003577f, 0.003912f, 0.000000f, 
	0.000000f, 0.003792f, 0.003446f, 0.003103f, 0.002766f, 0.002437f, 0.002118f, 0.001816f, 0.001541f, 0.001310f, 0.001149f, 0.001090f, 0.001149f, 0.001310f, 0.001541f, 0.001816f, 0.002118f, 0.002437f, 0.002766f, 0.003103f, 0.003446f, 0.003792f, 0.000000f, 
	0.000000f, 0.003704f, 0.003349f, 0.002995f, 0.002644f, 0.002297f, 0.001956f, 0.001624f, 0.001310f, 0.001027f, 0.000812f, 0.000726f, 0.000812f, 0.001027f, 0.001310f, 0.001624f, 0.001956f, 0.002297f, 0.002644f, 0.002995f, 0.003349f, 0.003704f, 0.000000f, 
	0.000000f, 0.003650f, 0.003289f, 0.002928f, 0.002568f, 0.002209f, 0.001852f, 0.001498f, 0.001149f, 0.000812f, 0.000514f, 0.000363f, 0.000514f, 0.000812f, 0.001149f, 0.001498f, 0.001852f, 0.002209f, 0.002568f, 0.002928f, 0.003289f, 0.003650f, 0.000000f, 
	0.003995f, 0.003632f, 0.003269f, 0.002906f, 0.002543f, 0.002179f, 0.001816f, 0.001453f, 0.001090f, 0.000726f, 0.000363f, 0.000000f, 0.000363f, 0.000726f, 0.001090f, 0.001453f, 0.001816f, 0.002179f, 0.002543f, 0.002906f, 0.003269f, 0.003632f, 0.003995f, 
	0.000000f, 0.003650f, 0.003289f, 0.002928f, 0.002568f, 0.002209f, 0.001852f, 0.001498f, 0.001149f, 0.000812f, 0.000514f, 0.000363f, 0.000514f, 0.000812f, 0.001149f, 0.001498f, 0.001852f, 0.002209f, 0.002568f, 0.002928f, 0.003289f, 0.003650f, 0.000000f, 
	0.000000f, 0.003704f, 0.003349f, 0.002995f, 0.002644f, 0.002297f, 0.001956f, 0.001624f, 0.001310f, 0.001027f, 0.000812f, 0.000726f, 0.000812f, 0.001027f, 0.001310f, 0.001624f, 0.001956f, 0.002297f, 0.002644f, 0.002995f, 0.003349f, 0.003704f, 0.000000f, 
	0.000000f, 0.003792f, 0.003446f, 0.003103f, 0.002766f, 0.002437f, 0.002118f, 0.001816f, 0.001541f, 0.001310f, 0.001149f, 0.001090f, 0.001149f, 0.001310f, 0.001541f, 0.001816f, 0.002118f, 0.002437f, 0.002766f, 0.003103f, 0.003446f, 0.003792f, 0.000000f, 
	0.000000f, 0.003912f, 0.003577f, 0.003249f, 0.002928f, 0.002619f, 0.002326f, 0.002055f, 0.001816f, 0.001624f, 0.001498f, 0.001453f, 0.001498f, 0.001624f, 0.001816f, 0.002055f, 0.002326f, 0.002619f, 0.002928f, 0.003249f, 0.003577f, 0.003912f, 0.000000f, 
	0.000000f, 0.000000f, 0.003740f, 0.003427f, 0.003125f, 0.002837f, 0.002568f, 0.002326f, 0.002118f, 0.001956f, 0.001852f, 0.001816f, 0.001852f, 0.001956f, 0.002118f, 0.002326f, 0.002568f, 0.002837f, 0.003125f, 0.003427f, 0.003740f, 0.000000f, 0.000000f, 
	0.000000f, 0.000000f, 0.003929f, 0.003632f, 0.003349f, 0.003082f, 0.002837f, 0.002619f, 0.002437f, 0.002297f, 0.002209f, 0.002179f, 0.002209f, 0.002297f, 0.002437f, 0.002619f, 0.002837f, 0.003082f, 0.003349f, 0.003632f, 0.003929f, 0.000000f, 0.000000f, 
	0.000000f, 0.000000f, 0.000000f, 0.003861f, 0.003596f, 0.003349f, 0.003125f, 0.002928f, 0.002766f, 0.002644f, 0.002568f, 0.002543f, 0.002568f, 0.002644f, 0.002766f, 0.002928f, 0.003125f, 0.003349f, 0.003596f, 0.003861f, 0.000000f, 0.000000f, 0.000000f, 
	0.000000f, 0.000000f, 0.000000f, 0.000000f, 0.003861f, 0.003632f, 0.003427f, 0.003249f, 0.003103f, 0.002995f, 0.002928f, 0.002906f, 0.002928f, 0.002995f, 0.003103f, 0.003249f, 0.003427f, 0.003632f, 0.003861f, 0.000000f, 0.000000f, 0.000000f, 0.000000f, 
	0.000000f, 0.000000f, 0.000000f, 0.000000f, 0.000000f, 0.003929f, 0.003740f, 0.003577f, 0.003446f, 0.003349f, 0.003289f, 0.003269f, 0.003289f, 0.003349f, 0.003446f, 0.003577f, 0.003740f, 0.003929f, 0.000000f, 0.000000f, 0.000000f, 0.000000f, 0.000000f, 
	0.000000f, 0.000000f, 0.000000f, 0.000000f, 0.000000f, 0.000000f, 0.000000f, 0.003912f, 0.003792f, 0.003704f, 0.003650f, 0.003632f, 0.003650f, 0.003704f, 0.003792f, 0.003912f, 0.000000f, 0.000000f, 0.000000f, 0.000000f, 0.000000f, 0.000000f, 0.000000f, 
	0.000000f, 0.000000f, 0.000000f, 0.000000f, 0.000000f, 0.000000f, 0.000000f, 0.000000f, 0.000000f, 0.000000f, 0.000000f, 0.003995f, 0.000000f, 0.000000f, 0.000000f, 0.000000f, 0.000000f, 0.000000f, 0.000000f, 0.000000f, 0.000000f, 0.000000f, 0.000000f, 
};